4281444378146277948359952290652618941639526931394459981679679979252371761103045528381695687310525893
5839934643829668305147711713985459450650702578163555822563116674170771503437569179890472041345287598
0942216544796602817191372896519913524328558480746084167471106880573024524682996479204117152751558721
8544033656706655431396587483131679863737022086275383209314606326217901150883036652106486748397360437
0245963846528146805170810456846714359006334660602673475341388355409902508706167731266778166890703053
1185897598806401327594026769663197164860661913012297089687167461872672507178931653158792646219357861
1102932376313068767548148089574913521066780169362945355968615910319566424268515354850238969735230513
8160037647971569910520012538560872909242017344917722764241412727795612582873893130114505048577505920
6434256508717642460715826445626859842885611017414412569755445235602652504633647107336663563905392655
8834086636018010951094452731753118320878520174877366648604141582686052013478403491006325474964073318
1869194758366241015197431275815323985165173318387326197096521503137856893574339218263790816316090842
7715434837575112029542188038379738371775668603914513378532323619933184712761542290618772909989429297
2873800281499086534598357134211196535272530896636725431773852623011140523192522693732219803573431759
4050368651775219903768440474841854808048168878555515861875501641315441516198962779566308857436039219
3769152404202006706578536752780326166107347101917660924633569946409737762049796471430931907242565215
9754811488196670283021723854353658750148986305588583402869836601409383790599367218931124518572679616
4228244271475867199085433792958584783007196248803033835835380426505387107979912888034343076754060752
0960164653797258515590408174272308706125586327685580656300974091959452566695161438284115772823695785
9591243647198652686416793243764041276790464164321558341402077520060828609174954015884489171644959655
2066999979820572393259049111111136236527000489825640923742694872235996530867143186490447638527710682
5742959898029025102877458077475237890224352325413086907062485953565879921462458317528689109372236953
9545312824934249235650569728166789104631649508908187120731234977810702444287241998424615922879487538
0805934004261553427997890907215669332856255254048450989434990306567582441606102407590411746496312032
2546016398957069558936852308899753032515422903048148806232627217747258376379311438974352038131171089
2236609715734091300233217418325638930310755274872322271534767772646541094242684390754817908916093787
3697822668119446875290946917872745454378967480740851546194019914700505595681820442967944695271735601
1190220877541267670216572432658451389003515212833451627614332838338998295361946756292514467588467166
8431258215131920517792558044596998059534355862581396187801370107975267738117016471778742456616677230
8470012425036016036500695463543746129090815598167037243791426336073367104647209733455936251296968799
5903201296876314785182053488842643633557481998709012886643235251622761871304590726377961222236714610
7936419614979323311103553085556531566259014069167362731680067939256398659102719563040463381499549594
1260676154278389823904273512109312717289009389705937891072514606426809620051549992211850328830390543
8972420499328670086766989953147519524459029856994508331552202718396922929398964129870573885432175523
5131982622876231260459198674883525876445056252185602367835116867030524170181910100603411332949984940
4836009867583320363347773964306062746216241712377569672860507256940962520408179833577240747512389780
5562857158537212712096981315507302235689244297287491549997914825029059530642031912597995052877255292
5115455639445546872285687526421205704639147224721289606458452566458594913543929560269454876342941488
9818508081545287956019007450518598832184290100572386082796501279670649010281915218139324313336701246
1617454519053759626754609074954543047922603794316572663665092293261890491197143566581202855199754037
6902051285706834983300812647775392403426740314743758563746260790546679958245133765219119733821112092
7437966380926409787581537018169850631593211078759110578644591329749635356788463599389342494008713706
4262720751704093483325420386139216022554989985105064802833773052653221308067107992903117325707626320
5046643540816655181439597159030545302404251766792423213635408285913781492536479728006744068871716248
5238722925025990806300627444057006033732144126244324319130219177734722718259445732477911277489517159
9831469659445390970591013484677500239843998509278980290866454177765441051787973665634194618924262712
3145588341091493124610468743461367195649170448044514204867519700977323357866314331442130371320842708
7945881422503332369161786208481790619811360972689467146471074675102486636435774792337292514129959384
3469858823080511936853924068747198245447312295139647594361429018124177719972814728602232151940773022
6587531850656097186942797934252740850903396285934780021007546694837034573523626610210235768583117616
7952878840912551990815814817045944366435407905047887227564727949932490256366138335295252470327820334
3068520872266577518551978648152467351136964180842197603576504843138023525781756464591976386603933536
8559251932020780509707472727280041926233007850977607160189428649753371035110694370108605221182158821
3537184606116252911109520825607829980231534410088952637787164689300774991377576667820761823538825841
1647081561375139912543743768944645155432960310176986215206848112237628942665094740121410316326167484
1543831772186657655882531033434916964280170594444740278653302226472165063934196579174080724035685784
0776099453648871062140726545449634110489923034607222247791201256764324338061237763161730273309481995
5113393403625698101349917366499667983436721832278450063704618450899911684031930121051944182776828999
3217130449281373745823127967521205698944487949439936693168472892452544996936061335948956649506426143
5648211655684531493781886288371528715024956642273061496485123583448862860387908673434281562842736315
7248117900140708957796848861682139972150003081896072024851321225724214326505299847451053791282098857
8330457402425512456667097536006782366854119640593848393021977146880278738314017340507824499645605847
8681425378120357244363823740182320875496852443402713378388324395120960990318868602406250858283290318
3311419456648697504186251810619534221705212001544824968839406338455125558351718135243177007878523177
4987215014740280930074391594781750452766688712866421339938808331487629652900300776111046463860584109
1855054163590988346376777566907605977585688308172907500644936992622114553524170145290644231176442977
3395340209122502396397131832040587130556830866030490564193183145049871249145038188976758056833021084
1059542780230376375648311082055692522384483966746168140267117692186259642965059220186054447626395485
5649671834213898366733474655785550757702196798541657749163079197600922664862965117067579733627548045
3249837005505432618323784381138811304831808879097011327516570792076739358479056613649247861765171577
3727216379112657827507873646753641220849358587672915677520235936337888718433134807655781572641214356
0745075022185638211393120084653273021010023963207868363139697949583478971649846074768779009569690422
8042497667614421939907840799839108406170970384975697891096764308058805909783686492791137796238422502
5644444312686255655293589611401243295610516359533902889509395410489297328211704784914855925631098812
5052963931126043031531354026624334380228545687629573191155021808356278656761041313071906960338404516
7187654863862306797334892122527917232672413859226753231670129153532673416775907776387175155859317475
3556040385461847594015123064539430332192533050472422784069677213322656006601224168823066491370459097
5016061369337397503008044584284618026715258342118030817562989997610583980263705705371208404259075356
0280917434347035256646937126891156806728122261131635976600360586253689987226676463066135188920055176
5723182885447213058098215255750108238779771151424861882588377572105747842802691951068669713887993986
8177417923066472524947481757740606243243564161279727021607408675107291055808873898452860469427649619
2141933903682955439602977162266638901549717954940671054832780624150463274529265430241976789516959958
7950441840452021478465525190265350549445220342779436815478037899266154069399521977507493381083000760
3139754211652297688636953053678485697853318301815143895904490354170291304617838382178348491341767765
0154581969878436705841206087325015712614757274436131119605049629583505601637850628748235999146413848
3026523660644151969216263092988474151012003761198223567829268073515627167768792349224201953380406805
3797916267065993961296841540506508448609623977850738899380222471763341982861867778420239331912560245
4965114680297601692812922331769274077194574718101599945143453932497300481657967406112312935982133696
6320083422184999758423131677590449691450299581327223371925606323589894543600802842463748886707915409
3524081447886512541181090083664818692368480812552537369440548589333263423228046032202020336491960575
6775820490243921765087618716946059000364323874477503324776680401751197300503416803453373579122614572
0723819912503113817581391259723575114563781132760386918946971923135694173664414087529598128859292718
6539726108204055482118521090398747222143827673405506621763565322769873048608098126002958515279770063
9969405162651629143161008286994597549727595846966212408243687233609497007356190489279126462638423584
5660213387186139573034062297202896264960305657699924750470973414280227432366326961546697003319467040
7106280632665605479700695668022139599905182660472513566259962899175860875777947177008173763716131693
5246502232384744101638952005137250942556355041003827048259148760136348973041408094133841612628055502
5065497933384909172781500623296006693010160954592167357278679549814464270006540530726021480521234834
9789771270694625849480806993279496907085608486764526557867069368886909505503601894501542269860428106
3528650885130413524981113768894496212607232306558681987657899145895044707182778944404820919876555224
1950653740729568139033882221530888117097914421501148158840300613483310277169756236572976778575445803